      1.0000	      0.4484	      0.5093	      0.1942	     -0.1457	     -0.3736	      0.5425	      0.3180	      0.6150	      0.3619	      0.2773	     -0.0535	      0.0234	      0.0404	      0.5277	      0.3497	      0.3512	      0.2614	      0.5925	      0.2630	        -nan	      0.0218	      0.4348	      0.0154	     -0.1568	      0.1622	      0.7219	      0.2937	      0.0257	      0.0580	      0.4034	      0.2122	     -0.2058	      0.3218	      0.0201	      0.6527	      0.6390	      0.1289	      0.3236	      0.4286	      0.3832	      0.4891	      0.2287	      0.4666	      0.4490	     -0.2125	      0.2147	      0.5182	      0.2314	     -0.1546	      0.7316	      0.5855	     -0.1062	      0.6181	      0.0074	     -0.1079	      0.1615	      0.6745	      0.3335	      0.6054	      0.3423	      0.4446	      0.3346	      0.4372	      0.4570	        -nan	      0.7684	      0.1452	      0.2956	     -0.2316	     -0.2224	      0.4723	     -0.1016	      0.4700	     -0.2820	      0.3475	      0.7570	      0.1267	      0.2523	      0.1599	      0.5005	        -nan	      0.2908	        -nan	     -0.2862	      0.3647	      0.0931	     -0.1755	     -0.2818	      0.0130	     -0.1440	      0.2123	      0.1757	      0.6807	     -0.3444	      0.0258	      0.3261	     -0.2405	      0.1260	     -0.1162	      0.2692	      0.0109	      0.2247	      0.3335	      0.4007
      0.4484	      1.0000	      0.5811	      0.3960	     -0.0482	     -0.0420	      0.6486	      0.5036	      0.3840	      0.6726	      0.2563	      0.1469	      0.0853	     -0.1496	      0.5277	      0.5855	      0.5691	      0.4949	      0.5651	      0.5771	        -nan	      0.3715	      0.7306	      0.1215	      0.1296	      0.2914	      0.4370	      0.5453	      0.4757	      0.0499	      0.6052	      0.2697	     -0.1642	      0.3659	      0.1284	      0.4143	      0.5363	      0.4731	      0.1666	      0.6605	      0.5595	      0.7370	      0.5379	      0.5097	      0.4558	      0.0245	      0.3024	      0.5135	      0.2647	      0.1015	      0.6972	      0.3942	      0.1570	      0.4623	      0.3022	      0.2340	      0.2301	      0.6799	      0.6678	      0.6009	      0.4556	      0.4117	      0.4040	      0.5679	      0.4834	        -nan	      0.5993	      0.3287	      0.5505	      0.2233	     -0.1847	      0.5318	      0.1326	      0.5839	      0.0189	      0.5006	      0.5778	      0.3917	      0.2439	      0.4437	      0.4107	        -nan	      0.1068	        -nan	     -0.0525	      0.3129	      0.0843	     -0.0283	     -0.1447	      0.3448	      0.1352	      0.4686	      0.0700	      0.2754	     -0.2564	      0.1715	      0.3202	     -0.1380	     -0.1876	      0.2610	      0.3718	      0.1670	      0.0219	      0.5044	      0.6798
      0.5093	      0.5811	      1.0000	      0.4824	     -0.0921	     -0.0175	      0.8278	      0.6395	      0.1920	      0.4847	      0.3691	      0.1635	      0.2009	      0.0080	      0.6443	      0.8137	      0.5101	      0.6911	      0.6768	      0.6008	        -nan	      0.4144	      0.7213	      0.2564	      0.0962	      0.5332	      0.3540	      0.7500	      0.3060	      0.2164	      0.4002	      0.5095	     -0.4203	      0.7216	      0.2763	      0.3650	      0.8071	      0.5408	      0.3830	      0.7625	      0.7533	      0.4934	      0.7409	      0.6595	      0.2552	      0.2957	      0.4959	      0.7297	      0.6176	      0.0111	      0.5762	      0.4884	      0.1348	      0.3618	      0.3507	      0.2049	      0.3995	      0.7292	      0.7278	      0.7287	      0.4900	      0.6317	      0.4934	      0.7759	      0.8816	        -nan	      0.5799	      0.5487	      0.5140	      0.0353	     -0.3438	      0.7278	      0.2884	      0.3675	     -0.0774	      0.6522	      0.4332	      0.4990	      0.1768	      0.6617	      0.5784	        -nan	      0.3117	        -nan	     -0.1957	      0.1095	      0.0827	      0.1155	     -0.1927	      0.4334	      0.3515	      0.2098	      0.2604	      0.3116	     -0.4010	      0.2681	      0.4775	     -0.2787	     -0.3296	      0.2494	      0.4638	      0.4652	     -0.1531	      0.4566	      0.6771
      0.1942	      0.3960	      0.4824	      1.0000	      0.1805	     -0.0230	      0.4770	      0.4351	      0.1493	      0.3834	      0.6693	     -0.1823	      0.2757	     -0.1113	      0.4180	      0.4076	      0.4143	      0.5735	      0.5129	      0.6382	        -nan	      0.0121	      0.2540	      0.5125	      0.0304	      0.5789	      0.1974	      0.5623	      0.1058	      0.3818	      0.2578	      0.4762	     -0.1202	      0.2802	     -0.0087	      0.2674	      0.4672	      0.1847	      0.4430	      0.3337	      0.3561	      0.2992	      0.1665	      0.2924	     -0.0927	      0.0167	      0.5556	      0.4386	      0.1979	     -0.0806	      0.3260	      0.2271	      0.5203	      0.4122	      0.5626	      0.0666	      0.6038	      0.3395	      0.4034	      0.4113	      0.5651	      0.3237	      0.3010	      0.4808	      0.6097	        -nan	      0.4091	      0.3261	      0.0384	      0.2368	      0.1204	      0.5077	      0.1641	      0.3568	      0.1881	      0.3948	      0.2231	      0.4558	      0.0560	      0.3037	      0.3358	        -nan	      0.0097	        -nan	     -0.2071	      0.1918	      0.0549	      0.2892	      0.3183	      0.1961	      0.0791	      0.2594	      0.0842	      0.1423	     -0.3111	      0.6464	      0.5324	     -0.2664	     -0.2188	      0.2354	      0.1523	      0.5638	      0.0140	      0.2632	      0.4961
     -0.1457	     -0.0482	     -0.0921	      0.1805	      1.0000	      0.3346	     -0.0714	     -0.0027	      0.1383	      0.0112	      0.1382	      0.2721	      0.0551	     -0.0116	      0.0930	     -0.0849	      0.1914	      0.1080	     -0.0477	      0.1826	        -nan	      0.0198	     -0.1803	      0.2173	      0.2983	     -0.1009	     -0.2417	     -0.0528	      0.1464	      0.0771	     -0.2870	      0.0427	      0.3242	     -0.1032	      0.0141	     -0.0444	     -0.1399	     -0.0061	      0.0168	      0.1368	     -0.0273	     -0.1054	     -0.1077	     -0.1405	     -0.2291	      0.1445	     -0.1046	     -0.0756	     -0.1169	      0.4059	     -0.1205	      0.0008	      0.2710	      0.0931	      0.0251	      0.3921	      0.1535	     -0.1429	      0.1937	     -0.0745	      0.0708	     -0.0263	      0.1320	     -0.0644	     -0.1237	        -nan	     -0.1617	     -0.1271	     -0.0003	      0.2328	      0.2629	     -0.0368	      0.2119	     -0.0432	      0.3114	     -0.1822	     -0.2014	      0.1280	      0.1188	      0.0787	      0.1876	        -nan	     -0.1662	        -nan	      0.1754	      0.1597	      0.1203	      0.1263	      0.3483	      0.3051	     -0.0266	      0.3569	     -0.0315	     -0.2064	      0.1262	      0.2117	      0.0408	      0.2320	      0.1626	      0.1875	     -0.0459	      0.2217	      0.3452	     -0.0044	      0.0954
     -0.3736	     -0.0420	     -0.0175	     -0.0230	      0.3346	      1.0000	     -0.0032	     -0.0322	     -0.2099	      0.1486	      0.0323	      0.5549	     -0.0172	     -0.0389	     -0.1714	      0.0851	      0.1641	      0.0691	     -0.2229	      0.2028	        -nan	      0.4607	      0.0175	      0.2679	      0.7050	     -0.0362	     -0.6586	      0.0809	      0.6319	      0.1615	     -0.4005	      0.1989	      0.3706	     -0.1219	      0.2686	     -0.2254	     -0.3215	      0.4046	     -0.1171	      0.1824	      0.0438	     -0.1897	      0.2143	     -0.2226	     -0.1411	      0.6894	     -0.3382	     -0.1997	      0.2635	      0.7955	     -0.3708	     -0.0475	      0.3817	     -0.1270	      0.1693	      0.3894	      0.2391	     -0.2410	      0.3026	     -0.1230	      0.0326	     -0.0226	     -0.0789	      0.0645	     -0.0517	        -nan	     -0.2556	      0.0615	      0.3044	      0.3750	      0.3395	      0.0117	      0.6772	     -0.3448	      0.5905	     -0.1674	     -0.6447	      0.4206	      0.0146	      0.5356	      0.0371	        -nan	     -0.0609	        -nan	      0.1815	     -0.2972	      0.0930	      0.2762	      0.4299	      0.7382	      0.4273	      0.2771	     -0.1145	     -0.4105	      0.4027	      0.1887	     -0.0269	      0.5228	     -0.0217	      0.7305	     -0.0360	      0.3420	     -0.0670	      0.0638	      0.0853
      0.5425	      0.6486	      0.8278	      0.4770	     -0.0714	     -0.0032	      1.0000	      0.4980	      0.4044	      0.4894	      0.4381	      0.1616	      0.2395	     -0.1157	      0.5456	      0.6322	      0.5293	      0.5512	      0.6680	      0.6416	        -nan	      0.3181	      0.6994	      0.2640	      0.1647	      0.3910	      0.3756	      0.6819	      0.3926	      0.2938	      0.4258	      0.4770	     -0.1946	      0.4710	      0.1533	      0.4090	      0.8422	      0.4630	      0.3878	      0.7076	      0.5591	      0.5289	      0.5850	      0.5520	      0.3377	      0.1555	      0.3523	      0.6867	      0.4583	      0.0853	      0.5533	      0.6040	      0.2235	      0.4560	      0.3643	      0.1623	      0.4471	      0.6856	      0.6592	      0.6605	      0.5260	      0.5792	      0.4475	      0.6793	      0.7529	        -nan	      0.5974	      0.3482	      0.4150	      0.0249	     -0.2089	      0.7672	      0.3000	      0.4222	     -0.0409	      0.5242	      0.4202	      0.4989	      0.2127	      0.5338	      0.5835	        -nan	      0.2755	        -nan	     -0.2233	      0.2175	      0.0532	      0.0589	     -0.0900	      0.4370	      0.1703	      0.3976	      0.2568	      0.2965	     -0.3848	      0.2788	      0.5097	     -0.1797	     -0.1229	      0.2816	      0.3634	      0.3706	      0.0705	      0.4442	      0.6691
      0.3180	      0.5036	      0.6395	      0.4351	     -0.0027	     -0.0322	      0.4980	      1.0000	      0.2336	      0.4513	      0.3939	      0.1152	      0.1378	     -0.0177	      0.4927	      0.6147	      0.3285	      0.7527	      0.4915	      0.5787	        -nan	      0.2331	      0.4963	      0.3590	      0.2033	      0.4481	      0.2855	      0.7057	      0.2457	      0.1196	      0.3511	      0.5297	     -0.2062	      0.5339	      0.0594	      0.1406	      0.5021	      0.6431	      0.3758	      0.6411	      0.7896	      0.5063	      0.5326	      0.5066	      0.1871	      0.1805	      0.4776	      0.6067	      0.3911	     -0.0362	      0.5374	      0.2133	      0.2052	      0.2967	      0.3277	      0.3534	      0.4577	      0.5916	      0.6461	      0.3914	      0.5409	      0.3363	      0.7438	      0.6418	      0.5769	        -nan	      0.3511	      0.5088	      0.4751	      0.1781	     -0.1526	      0.4210	      0.2002	      0.4845	     -0.0291	      0.8328	      0.3396	      0.4812	      0.2075	      0.4764	      0.3356	        -nan	      0.2389	        -nan	      0.1105	      0.3214	      0.1749	      0.1385	      0.0128	      0.2841	      0.2662	      0.2276	      0.1883	      0.0898	     -0.1617	      0.3370	      0.4480	     -0.1640	     -0.2241	      0.3663	      0.4029	      0.4166	     -0.0543	      0.4054	      0.6374
      0.6150	      0.3840	      0.1920	      0.1493	      0.1383	     -0.2099	      0.4044	      0.2336	      1.0000	      0.3041	      0.3636	      0.0574	      0.0229	     -0.1234	      0.3978	      0.0230	      0.3112	      0.1210	      0.4669	      0.2467	        -nan	      0.0225	      0.1502	      0.2470	      0.0389	     -0.0936	      0.4841	      0.1635	      0.0803	      0.1171	      0.2344	      0.1861	      0.3168	      0.0097	     -0.1477	      0.4204	      0.3620	      0.0886	      0.2240	      0.2453	      0.1708	      0.3749	      0.0509	      0.0517	      0.1945	     -0.3042	      0.0241	      0.4325	     -0.0398	     -0.0043	      0.5139	      0.3920	     -0.0380	      0.5233	     -0.0626	      0.0738	      0.2664	      0.3764	      0.2294	      0.2336	      0.4142	      0.3253	      0.4140	      0.1909	      0.1817	        -nan	      0.4324	     -0.0389	      0.1126	     -0.1400	      0.0939	      0.2773	      0.0699	      0.4343	      0.0258	      0.2408	      0.5547	      0.1336	      0.4776	     -0.0695	      0.3515	        -nan	      0.1084	        -nan	     -0.0065	      0.4831	      0.1307	     -0.1714	      0.0582	      0.0283	     -0.2177	      0.4256	      0.1666	      0.4490	      0.0313	      0.1605	      0.4076	     -0.1261	      0.5250	      0.0381	      0.2311	      0.0918	      0.4537	      0.4033	      0.4153
      0.3619	      0.6726	      0.4847	      0.3834	      0.0112	      0.1486	      0.4894	      0.4513	      0.3041	      1.0000	      0.3771	      0.3130	      0.0449	     -0.0119	      0.3522	      0.5462	      0.4886	      0.4802	      0.4380	      0.4931	        -nan	      0.3796	      0.5631	      0.2868	      0.2410	      0.2935	      0.3120	      0.5021	      0.4946	      0.0919	      0.5433	      0.3862	     -0.0911	      0.3294	      0.0686	      0.4753	      0.3561	      0.4462	      0.1356	      0.5581	      0.5093	      0.5846	      0.4245	      0.3483	      0.3418	      0.2375	      0.1619	      0.3742	      0.3299	      0.2122	      0.5301	      0.3288	      0.1624	      0.5356	      0.2481	      0.2241	      0.3206	      0.5582	      0.5725	      0.4374	      0.4358	      0.4214	      0.2752	      0.4840	      0.4180	        -nan	      0.5249	      0.3246	      0.4750	      0.2484	      0.0565	      0.4474	      0.2820	      0.5565	      0.1534	      0.3776	      0.2918	      0.5179	      0.1907	      0.4442	      0.5355	        -nan	      0.1365	        -nan	      0.0147	      0.2553	      0.1939	      0.1022	      0.0669	      0.4423	      0.2586	      0.6255	     -0.0479	      0.3101	     -0.1173	      0.2274	      0.3518	     -0.0271	     -0.1706	      0.4695	      0.2922	      0.3929	      0.2043	      0.3536	      0.5686
      0.2773	      0.2563	      0.3691	      0.6693	      0.1382	      0.0323	      0.4381	      0.3939	      0.3636	      0.3771	      1.0000	     -0.1564	      0.0510	     -0.0230	      0.3781	      0.2547	      0.3695	      0.5653	      0.4224	      0.6308	        -nan	     -0.0367	      0.0735	      0.6138	      0.0909	      0.3446	      0.2160	      0.5097	      0.0780	      0.4528	      0.0910	      0.6800	      0.1613	      0.2530	     -0.3494	      0.2405	      0.4430	      0.2584	      0.5991	      0.2090	      0.2981	      0.2520	      0.0565	      0.2463	     -0.1333	     -0.0029	      0.2375	      0.3796	      0.1926	     -0.0577	      0.3210	      0.2913	      0.3053	      0.5010	      0.3054	     -0.0456	      0.7629	      0.3616	      0.3358	      0.2267	      0.8102	      0.2127	      0.3015	      0.5080	      0.5094	        -nan	      0.3475	      0.1979	      0.0360	      0.0240	      0.5339	      0.4654	      0.2993	      0.4425	      0.2377	      0.2732	      0.1229	      0.5861	      0.0314	      0.2260	      0.4072	        -nan	      0.1348	        -nan	     -0.1914	      0.2422	      0.4795	      0.1948	      0.4104	      0.2191	     -0.0973	      0.3998	      0.1099	      0.1180	     -0.2111	      0.5030	      0.8419	     -0.1170	      0.0934	      0.4063	     -0.0131	      0.6166	      0.2370	      0.1604	      0.4885
     -0.0535	      0.1469	      0.1635	     -0.1823	      0.2721	      0.5549	      0.1616	      0.1152	      0.0574	      0.3130	     -0.1564	      1.0000	     -0.0158	      0.0830	      0.0558	      0.2719	      0.1622	      0.1052	      0.0525	      0.0350	        -nan	      0.4763	      0.2397	      0.0494	      0.5022	     -0.1471	     -0.2856	      0.0714	      0.4143	     -0.0787	     -0.0166	      0.1129	      0.1474	      0.1649	      0.2675	      0.0535	     -0.0684	      0.4168	     -0.2407	      0.3618	      0.2212	      0.0341	      0.4306	      0.0254	      0.1197	      0.5812	     -0.1744	      0.0371	      0.3140	      0.6367	     -0.0700	      0.0025	      0.0748	      0.0551	      0.0088	      0.6736	     -0.0741	      0.0406	      0.3869	      0.0390	     -0.0754	      0.1642	      0.1983	      0.0738	      0.0193	        -nan	     -0.0059	      0.1316	      0.4508	      0.1660	     -0.0286	      0.0451	      0.4983	     -0.1273	      0.1988	      0.0067	     -0.1973	      0.2423	      0.1943	      0.4811	      0.2093	        -nan	      0.0458	        -nan	      0.2837	      0.0466	      0.0671	      0.1175	     -0.0218	      0.5205	      0.4330	      0.3832	     -0.0804	     -0.0877	      0.3656	     -0.0438	     -0.0923	      0.4397	      0.0396	      0.4327	      0.1525	      0.1627	      0.1797	      0.0581	      0.2503
      0.0234	      0.0853	      0.2009	      0.2757	      0.0551	     -0.0172	      0.2395	      0.1378	      0.0229	      0.0449	      0.0510	     -0.0158	      1.0000	     -0.2084	      0.1528	      0.0660	      0.0416	      0.0762	      0.2382	      0.1269	        -nan	     -0.0408	      0.1495	      0.1605	      0.1129	      0.1898	      0.0100	      0.1428	      0.0534	      0.1428	      0.1766	      0.0233	     -0.1661	      0.0751	      0.1670	      0.0453	      0.2070	      0.0165	      0.1298	      0.1216	      0.0635	      0.0047	      0.0065	      0.1452	      0.0960	      0.0454	      0.3105	      0.1909	      0.0884	      0.0101	     -0.0062	      0.1359	      0.0887	     -0.0287	      0.2701	     -0.0204	      0.0752	      0.0470	      0.1307	      0.1596	      0.0143	      0.1029	      0.1692	      0.0442	      0.2655	        -nan	      0.1080	      0.0115	     -0.1363	     -0.0449	     -0.2014	      0.2229	      0.0393	     -0.0276	     -0.1089	      0.1823	      0.0445	     -0.0168	      0.1105	      0.0824	      0.0731	        -nan	      0.0953	        -nan	      0.1109	     -0.0408	     -0.2787	      0.0147	      0.0150	      0.0710	      0.0963	      0.0107	      0.1202	      0.0492	     -0.1280	      0.1061	      0.0552	     -0.0738	     -0.0846	     -0.0622	      0.1401	      0.0532	      0.0296	      0.2166	      0.1654
      0.0404	     -0.1496	      0.0080	     -0.1113	     -0.0116	     -0.0389	     -0.1157	     -0.0177	     -0.1234	     -0.0119	     -0.0230	      0.0830	     -0.2084	      1.0000	      0.0735	      0.1497	     -0.0758	      0.2611	     -0.0851	     -0.2206	        -nan	      0.0773	     -0.1231	      0.1388	     -0.2901	      0.1879	      0.0756	     -0.0866	     -0.1225	     -0.1306	     -0.0494	      0.2190	     -0.1355	      0.4810	      0.0040	     -0.0075	     -0.1625	      0.1515	      0.0932	     -0.0790	      0.0700	      0.0023	      0.0875	      0.3273	     -0.2058	      0.3017	      0.2906	     -0.2784	      0.1805	     -0.1404	     -0.0143	     -0.0314	      0.1162	     -0.0781	     -0.0422	     -0.0031	     -0.3083	     -0.0257	      0.0135	     -0.0812	     -0.1199	     -0.1807	     -0.0500	      0.1360	     -0.0029	        -nan	     -0.0529	      0.4648	      0.0579	     -0.0483	      0.2423	     -0.2727	      0.0577	     -0.0601	     -0.1525	     -0.0551	     -0.0238	      0.1481	     -0.4201	      0.1349	     -0.0148	        -nan	      0.1595	        -nan	     -0.0266	     -0.2045	      0.5085	      0.6062	      0.0424	     -0.0139	      0.2894	     -0.1133	     -0.0921	      0.0704	      0.0308	      0.2019	     -0.0105	      0.2874	     -0.1062	     -0.0664	     -0.1500	      0.0986	     -0.0155	     -0.3738	     -0.1612
      0.5277	      0.5277	      0.6443	      0.4180	      0.0930	     -0.1714	      0.5456	      0.4927	      0.3978	      0.3522	      0.3781	      0.0558	      0.1528	      0.0735	      1.0000	      0.5829	      0.6268	      0.5856	      0.6768	      0.3875	        -nan	      0.2124	      0.4570	      0.3030	      0.0640	      0.2846	      0.4046	      0.4293	      0.1493	      0.1570	      0.3703	      0.3715	     -0.2729	      0.5429	      0.1103	      0.4668	      0.5773	      0.2727	      0.4630	      0.5972	      0.5975	      0.3757	      0.4122	      0.6611	      0.1853	      0.0567	      0.4193	      0.4975	      0.3413	     -0.0698	      0.5012	      0.4851	      0.0551	      0.3481	      0.0765	      0.1264	      0.2573	      0.5519	      0.6624	      0.6081	      0.5930	      0.4091	      0.5472	      0.5147	      0.6104	        -nan	      0.4878	      0.3099	      0.2763	     -0.1848	     -0.1267	      0.4201	      0.2531	      0.3904	     -0.0860	      0.4340	      0.5141	      0.3271	      0.1231	      0.4371	      0.5630	        -nan	      0.1959	        -nan	     -0.2395	      0.2680	      0.1880	      0.0036	     -0.1001	      0.2483	      0.1138	      0.3349	      0.1852	      0.4644	     -0.3078	      0.2809	      0.4959	     -0.2733	     -0.0258	     -0.0163	      0.2672	      0.2809	      0.1377	      0.2597	      0.7314
      0.3497	      0.5855	      0.8137	      0.4076	     -0.0849	      0.0851	      0.6322	      0.6147	      0.0230	      0.5462	      0.2547	      0.2719	      0.0660	      0.1497	      0.5829	      1.0000	      0.4886	      0.7009	      0.5175	      0.5238	        -nan	      0.3657	      0.7407	      0.1412	      0.1171	      0.4584	      0.2333	      0.6981	      0.3629	      0.1569	      0.4685	      0.5923	     -0.4489	      0.7343	      0.1848	      0.3285	      0.5966	      0.5806	      0.2589	      0.7928	      0.8136	      0.4516	      0.7420	      0.7180	      0.1908	      0.5013	      0.4901	      0.4947	      0.6985	      0.0371	      0.4911	      0.3467	      0.0887	      0.2654	      0.2861	      0.3212	      0.2868	      0.6739	      0.7561	      0.6276	      0.3596	      0.4944	      0.4584	      0.7729	      0.6665	        -nan	      0.4741	      0.6171	      0.5259	      0.0638	     -0.2700	      0.5590	      0.2018	      0.3826	     -0.1262	      0.5854	      0.3267	      0.5041	      0.0451	      0.7599	      0.5694	        -nan	      0.3421	        -nan	     -0.1344	      0.0124	      0.1326	      0.2182	     -0.2215	      0.4775	      0.5389	      0.2726	      0.2048	      0.2501	     -0.3406	      0.1684	      0.2776	     -0.2244	     -0.4210	      0.3265	      0.3522	      0.3687	     -0.1808	      0.2711	      0.5990
      0.3512	      0.5691	      0.5101	      0.4143	      0.1914	      0.1641	      0.5293	      0.3285	      0.3112	      0.4886	      0.3695	      0.1622	      0.0416	     -0.0758	      0.6268	      0.4886	      1.0000	      0.4875	      0.5122	      0.4871	        -nan	      0.3635	      0.4134	      0.2101	      0.3262	      0.2084	      0.2265	      0.4621	      0.4161	      0.1739	      0.1682	      0.2774	     -0.0281	      0.3436	      0.1549	      0.3839	      0.4532	      0.2946	      0.3023	      0.5852	      0.4686	      0.2732	      0.4526	      0.4603	      0.2333	      0.1843	      0.1009	      0.3377	      0.3715	      0.2519	      0.4284	      0.4750	      0.1699	      0.3677	      0.1482	      0.1641	      0.3545	      0.4762	      0.6454	      0.6200	      0.5265	      0.4141	      0.2729	      0.4611	      0.4398	        -nan	      0.4076	      0.1892	      0.3365	      0.1000	     -0.0050	      0.4354	      0.3557	      0.3443	      0.1874	      0.2630	      0.2685	      0.4820	      0.1157	      0.4806	      0.6031	        -nan	      0.1411	        -nan	     -0.2400	      0.1109	      0.1169	     -0.0069	      0.1332	      0.5222	      0.2182	      0.4276	      0.1468	      0.2367	     -0.2081	      0.2792	      0.3926	     -0.1028	     -0.0046	      0.2529	      0.2114	      0.3425	      0.0993	      0.3259	      0.7185
      0.2614	      0.4949	      0.6911	      0.5735	      0.1080	      0.0691	      0.5512	      0.7527	      0.1210	      0.4802	      0.5653	      0.1052	      0.0762	      0.2611	      0.5856	      0.7009	      0.4875	      1.0000	      0.5019	      0.6746	        -nan	      0.3028	      0.4481	      0.4223	      0.1747	      0.5366	      0.2916	      0.7917	      0.2688	      0.1885	      0.2452	      0.6826	     -0.2327	      0.7521	      0.0051	      0.2173	      0.5067	      0.6272	      0.4546	      0.6240	      0.7805	      0.4850	      0.5688	      0.7003	     -0.0046	      0.2987	      0.5562	      0.4832	      0.4775	     -0.0022	      0.5199	      0.2477	      0.3289	      0.3403	      0.3590	      0.2627	      0.4817	      0.6256	      0.7187	      0.4321	      0.6814	      0.2645	      0.5627	      0.7360	      0.6704	        -nan	      0.3720	      0.6595	      0.4644	      0.1606	      0.0644	      0.4169	      0.3664	      0.4712	      0.0966	      0.6419	      0.2690	      0.7558	     -0.0129	      0.6442	      0.4771	        -nan	      0.2198	        -nan	     -0.0141	      0.1630	      0.4923	      0.3978	      0.0785	      0.4111	      0.3516	      0.3062	      0.1165	      0.0834	     -0.2549	      0.4847	      0.6182	     -0.1273	     -0.2736	      0.3738	      0.1906	      0.5866	     -0.0169	      0.1928	      0.6365
      0.5925	      0.5651	      0.6768	      0.5129	     -0.0477	     -0.2229	      0.6680	      0.4915	      0.4669	      0.4380	      0.4224	      0.0525	      0.2382	     -0.0851	      0.6768	      0.5175	      0.5122	      0.5019	      1.0000	      0.4251	        -nan	      0.3018	      0.5699	      0.3806	     -0.0287	      0.4530	      0.4804	      0.4926	      0.2166	      0.2162	      0.5275	      0.3234	     -0.2020	      0.4484	      0.2905	      0.5456	      0.6861	      0.2523	      0.4146	      0.5660	      0.5040	      0.4709	      0.4053	      0.5294	      0.3161	     -0.0810	      0.4054	      0.6491	      0.2812	     -0.1407	      0.5636	      0.5441	      0.1754	      0.5559	      0.2169	      0.0550	      0.3905	      0.5986	      0.5111	      0.6296	      0.5406	      0.5665	      0.5107	      0.4956	      0.6989	        -nan	      0.6592	      0.2837	      0.2382	     -0.1243	     -0.2127	      0.5436	      0.1348	      0.4652	     -0.0235	      0.4928	      0.5797	      0.3241	      0.3659	      0.3560	      0.5614	        -nan	      0.1491	        -nan	     -0.1796	      0.3475	      0.0206	     -0.0100	     -0.0477	      0.1899	      0.0972	      0.3395	      0.1592	      0.5710	     -0.2558	      0.3840	      0.5016	     -0.3316	      0.0074	      0.0207	      0.4630	      0.3164	      0.1261	      0.4849	      0.6537
      0.2630	      0.5771	      0.6008	      0.6382	      0.1826	      0.2028	      0.6416	      0.5787	      0.2467	      0.4931	      0.6308	      0.0350	      0.1269	     -0.2206	      0.3875	      0.5238	      0.4871	      0.6746	      0.4251	      1.0000	        -nan	      0.2504	      0.5140	      0.3068	      0.3322	      0.3133	      0.2111	      0.8116	      0.4331	      0.3691	      0.2267	      0.6134	      0.0151	      0.3328	     -0.0211	      0.1469	      0.5532	      0.5038	      0.4479	      0.6131	      0.6035	      0.4221	      0.4920	      0.4141	      0.1537	      0.1602	      0.3300	      0.5233	      0.3627	      0.1854	      0.5004	      0.3556	      0.3744	      0.4180	      0.4854	      0.1900	      0.6534	      0.5460	      0.6968	      0.4474	      0.6783	      0.2822	      0.4003	      0.7498	      0.5676	        -nan	      0.4215	      0.3272	      0.3894	      0.2720	      0.1004	      0.7073	      0.2963	      0.3993	      0.2050	      0.5157	      0.1887	      0.7057	      0.2027	      0.5309	      0.4189	        -nan	      0.1070	        -nan	     -0.1357	      0.1691	      0.2594	      0.1719	      0.1630	      0.5180	      0.0757	      0.4040	      0.1524	     -0.0359	     -0.3937	      0.3937	      0.5898	     -0.1238	     -0.2345	      0.5302	      0.2614	      0.4811	     -0.0233	      0.4299	      0.6698
        -nan	        -nan	        -nan	        -nan	        -nan	        -nan	        -nan	        -nan	        -nan	        -nan	        -nan	        -nan	        -nan	        -nan	        -nan	        -nan	        -nan	        -nan	        -nan	        -nan	        -nan	        -nan	        -nan	        -nan	        -nan	        -nan	        -nan	        -nan	        -nan	        -nan	        -nan	        -nan	        -nan	        -nan	        -nan	        -nan	        -nan	        -nan	        -nan	        -nan	        -nan	        -nan	        -nan	        -nan	        -nan	        -nan	        -nan	        -nan	        -nan	        -nan	        -nan	        -nan	        -nan	        -nan	        -nan	        -nan	        -nan	        -nan	        -nan	        -nan	        -nan	        -nan	        -nan	        -nan	        -nan	        -nan	        -nan	        -nan	        -nan	        -nan	        -nan	        -nan	        -nan	        -nan	        -nan	        -nan	        -nan	        -nan	        -nan	        -nan	        -nan	        -nan	        -nan	        -nan	        -nan	        -nan	        -nan	        -nan	        -nan	        -nan	        -nan	        -nan	        -nan	        -nan	        -nan	        -nan	        -nan	        -nan	        -nan	        -nan	        -nan	        -nan	        -nan	        -nan	        -nan
      0.0218	      0.3715	      0.4144	      0.0121	      0.0198	      0.4607	      0.3181	      0.2331	      0.0225	      0.3796	     -0.0367	      0.4763	     -0.0408	      0.0773	      0.2124	      0.3657	      0.3635	      0.3028	      0.3018	      0.2504	        -nan	      1.0000	      0.4904	      0.2699	      0.3903	      0.2438	     -0.0695	      0.3713	      0.6184	      0.0205	      0.0924	      0.1148	      0.0911	      0.3948	      0.5886	     -0.0205	      0.0920	      0.5004	      0.0533	      0.4600	      0.4001	      0.2136	      0.6775	      0.1849	      0.2374	      0.4327	      0.0005	      0.1926	      0.3674	      0.3757	      0.1391	      0.1624	      0.2155	      0.0132	      0.2322	      0.2717	      0.0609	      0.1931	      0.4713	      0.2091	      0.2325	      0.1876	      0.2031	      0.2694	      0.3412	        -nan	      0.1620	      0.3846	      0.5182	      0.3047	     -0.0845	      0.2163	      0.6044	     -0.0132	      0.4630	      0.2975	     -0.0545	      0.4921	      0.1757	      0.5746	      0.1734	        -nan	      0.0437	        -nan	      0.0825	     -0.1239	      0.1348	      0.1696	      0.1212	      0.5935	      0.5472	      0.2417	      0.0065	     -0.0809	      0.2243	      0.2329	      0.2299	      0.0659	     -0.1526	      0.4099	      0.3587	      0.3180	     -0.2744	      0.2944	      0.3986
      0.4348	      0.7306	      0.7213	      0.2540	     -0.1803	      0.0175	      0.6994	      0.4963	      0.1502	      0.5631	      0.0735	      0.2397	      0.1495	     -0.1231	      0.4570	      0.7407	      0.4134	      0.4481	      0.5699	      0.5140	        -nan	      0.4904	      1.0000	      0.0251	      0.1490	      0.3886	      0.3315	      0.5837	      0.5053	      0.2155	      0.6280	      0.2957	     -0.3486	      0.4917	      0.3791	      0.3527	      0.6416	      0.4951	      0.2630	      0.7890	      0.6835	      0.5966	      0.7028	      0.5849	      0.5723	      0.2649	      0.3004	      0.5224	      0.5057	      0.0916	      0.5834	      0.4969	      0.1209	      0.3074	      0.2673	      0.1784	      0.2226	      0.7158	      0.6677	      0.6898	      0.2864	      0.4546	      0.3922	      0.6418	      0.5617	        -nan	      0.5969	      0.3913	      0.5742	      0.0973	     -0.4241	      0.6549	      0.1147	      0.4005	     -0.1226	      0.5655	      0.4173	      0.3783	      0.2940	      0.6161	      0.5243	        -nan	      0.1610	        -nan	     -0.1207	      0.0622	     -0.0968	     -0.0042	     -0.2695	      0.4388	      0.3261	      0.3335	      0.0939	      0.2838	     -0.3713	      0.0655	      0.1974	     -0.2468	     -0.3575	      0.2055	      0.5634	      0.1465	     -0.2018	      0.5176	      0.5440
      0.0154	      0.1215	      0.2564	      0.5125	      0.2173	      0.2679	      0.2640	      0.3590	      0.2470	      0.2868	      0.6138	      0.0494	      0.1605	      0.1388	      0.3030	      0.1412	      0.2101	      0.4223	      0.3806	      0.3068	        -nan	      0.2699	      0.0251	      1.0000	      0.1626	      0.4989	     -0.0867	      0.2504	      0.2528	      0.3154	     -0.0275	      0.4302	      0.2642	      0.2166	      0.1139	      0.0691	      0.0878	      0.3080	      0.4054	      0.1447	      0.1825	      0.1177	      0.0886	      0.0236	     -0.2119	      0.2024	      0.2474	      0.2210	      0.0329	      0.0959	     -0.0014	      0.0795	      0.6303	      0.2764	      0.3727	      0.0866	      0.5746	      0.0219	      0.2993	      0.0283	      0.5013	      0.1663	      0.3400	      0.2524	      0.4120	        -nan	      0.1433	      0.2971	      0.0075	      0.2239	      0.4881	      0.1196	      0.5356	      0.1870	      0.4518	      0.2406	     -0.1004	      0.4852	      0.0648	      0.2348	      0.1715	        -nan	      0.0652	        -nan	      0.0856	      0.0909	      0.3144	      0.4194	      0.6537	      0.3129	      0.2133	      0.3358	      0.0090	     -0.0071	      0.2371	      0.7028	      0.5605	      0.0769	      0.1045	      0.4389	      0.0914	      0.6881	      0.1113	      0.1663	      0.3637
     -0.1568	      0.1296	      0.0962	      0.0304	      0.2983	      0.7050	      0.1647	      0.2033	      0.0389	      0.2410	      0.0909	      0.5022	      0.1129	     -0.2901	      0.0640	      0.1171	      0.3262	      0.1747	     -0.0287	      0.3322	        -nan	      0.3903	      0.1490	      0.1626	      1.0000	     -0.2048	     -0.3920	      0.2423	      0.6246	      0.0222	     -0.2008	      0.1908	      0.2853	     -0.0963	      0.2238	     -0.1207	     -0.0441	      0.3656	     -0.0643	      0.3739	      0.2175	     -0.1269	      0.2504	     -0.0324	      0.0579	      0.4352	     -0.3583	      0.0058	      0.2728	      0.7794	     -0.1487	      0.1474	      0.2467	     -0.0308	      0.0785	      0.3798	      0.2705	     -0.0312	      0.4779	      0.0172	      0.2183	      0.0510	      0.1978	      0.0950	      0.0229	        -nan	     -0.1055	     -0.0741	      0.2619	      0.2720	      0.1480	      0.1653	      0.5840	     -0.1875	      0.4708	      0.0256	     -0.3950	      0.4471	      0.2048	      0.4646	      0.2142	        -nan	      0.0276	        -nan	      0.1083	     -0.0731	     -0.0240	     -0.0195	      0.3516	      0.6715	      0.2568	      0.4032	      0.0018	     -0.3140	      0.2166	      0.0780	      0.0897	      0.3140	      0.0375	      0.6442	     -0.0144	      0.2060	      0.0973	      0.1507	      0.3246
      0.1622	      0.2914	      0.5332	      0.5789	     -0.1009	     -0.0362	      0.3910	      0.4481	     -0.0936	      0.2935	      0.3446	     -0.1471	      0.1898	      0.1879	      0.2846	      0.4584	      0.2084	      0.5366	      0.4530	      0.3133	        -nan	      0.2438	      0.3886	      0.4989	     -0.2048	      1.0000	      0.1607	      0.4539	      0.1142	      0.3558	      0.3159	      0.3626	     -0.3089	      0.4762	      0.2037	      0.1968	      0.3473	      0.3020	      0.4119	      0.3414	      0.4265	      0.3470	      0.3083	      0.3527	      0.0152	      0.1895	      0.5734	      0.3553	      0.2440	     -0.2670	      0.2449	      0.1493	      0.4544	      0.1972	      0.5172	      0.0054	      0.4292	      0.3271	      0.2622	      0.3297	      0.3323	      0.2956	      0.2647	      0.4541	      0.6232	        -nan	      0.3612	      0.5888	      0.1972	      0.2203	     -0.0698	      0.3042	      0.1770	      0.2656	      0.0973	      0.4955	      0.2093	      0.3283	     -0.1081	      0.3573	      0.2319	        -nan	      0.0618	        -nan	     -0.0623	      0.0253	      0.0760	      0.4157	      0.1837	      0.1777	      0.3596	      0.0043	      0.0019	      0.1853	     -0.1677	      0.5726	      0.3649	     -0.2169	     -0.3213	      0.1610	      0.2233	      0.5546	     -0.2480	      0.1801	      0.3267
      0.7219	      0.4370	      0.3540	      0.1974	     -0.2417	     -0.6586	      0.3756	      0.2855	      0.4841	      0.3120	      0.2160	     -0.2856	      0.0100	      0.0756	      0.4046	      0.2333	      0.2265	      0.2916	      0.4804	      0.2111	        -nan	     -0.0695	      0.3315	     -0.0867	     -0.3920	      0.1607	      1.0000	      0.3329	     -0.1665	     -0.0653	      0.4466	      0.0896	     -0.2491	      0.3394	     -0.1020	      0.5486	      0.5495	     -0.0284	      0.2620	      0.2287	      0.3254	      0.5897	      0.1504	      0.4624	      0.3806	     -0.4942	      0.3573	      0.4420	      0.0459	     -0.4651	      0.8049	      0.3461	     -0.2383	      0.5390	      0.0110	     -0.2613	      0.0004	      0.6687	      0.1509	      0.3919	      0.3308	      0.1972	      0.2542	      0.3341	      0.3529	        -nan	      0.6610	      0.2199	      0.1489	     -0.1158	     -0.2320	      0.2913	     -0.3278	      0.6374	     -0.2865	      0.4220	      0.8310	      0.0813	      0.1981	     -0.0611	      0.3039	        -nan	      0.0925	        -nan	     -0.2217	      0.3758	      0.1768	     -0.2018	     -0.3609	     -0.2495	     -0.1716	      0.0553	      0.0579	      0.5863	     -0.3260	     -0.0210	      0.3547	     -0.4465	      0.0821	     -0.3453	      0.2262	     -0.0439	      0.1234	      0.2365	      0.2748
      0.2937	      0.5453	      0.7500	      0.5623	     -0.0528	      0.0809	      0.6819	      0.7057	      0.1635	      0.5021	      0.5097	      0.0714	      0.1428	     -0.0866	      0.4293	      0.6981	      0.4621	      0.7917	      0.4926	      0.8116	        -nan	      0.3713	      0.5837	      0.2504	      0.2423	      0.4539	      0.3329	      1.0000	      0.3790	      0.2927	      0.2955	      0.6638	     -0.2061	      0.5991	      0.0789	      0.1690	      0.6257	      0.5901	      0.4276	      0.6957	      0.7907	      0.4565	      0.6705	      0.5709	      0.1532	      0.2099	      0.5249	      0.6655	      0.5852	     -0.0249	      0.5452	      0.3188	      0.1758	      0.3269	      0.4361	      0.1673	      0.5131	      0.6539	      0.6856	      0.4662	      0.6385	      0.3421	      0.5504	      0.7767	      0.7012	        -nan	      0.4472	      0.6063	      0.4211	      0.1898	     -0.1236	      0.6599	      0.3093	      0.4371	      0.1188	      0.7673	      0.2815	      0.7116	      0.1683	      0.6376	      0.4422	        -nan	      0.2038	        -nan	     -0.0953	      0.0997	      0.2337	      0.1989	     -0.0203	      0.4613	      0.3630	      0.2775	      0.2148	      0.0246	     -0.3173	      0.3424	      0.6123	     -0.3426	     -0.3103	      0.4174	      0.3266	      0.5138	     -0.1391	      0.3850	      0.6550
      0.0257	      0.4757	      0.3060	      0.1058	      0.1464	      0.6319	      0.3926	      0.2457	      0.0803	      0.4946	      0.0780	      0.4143	      0.0534	     -0.1225	      0.1493	      0.3629	      0.4161	      0.2688	      0.2166	      0.4331	        -nan	      0.6184	      0.5053	      0.2528	      0.6246	      0.1142	     -0.1665	      0.3790	      1.0000	      0.1453	      0.0971	      0.2271	      0.1414	      0.0861	      0.3826	      0.0600	      0.0773	      0.5414	     -0.0095	      0.5364	      0.3081	      0.3430	      0.4334	      0.1183	      0.2481	      0.4176	     -0.0995	      0.1813	      0.2802	      0.6026	      0.1358	      0.3318	      0.3111	      0.1576	      0.2345	      0.2180	      0.2548	      0.2677	      0.5853	      0.2500	      0.2409	      0.1725	      0.1480	      0.3166	      0.2537	        -nan	      0.1663	      0.2359	      0.5530	      0.3317	      0.0764	      0.3021	      0.5599	      0.1665	      0.4736	      0.1844	     -0.1624	      0.5518	      0.1631	      0.5847	      0.3717	        -nan	      0.0351	        -nan	      0.0686	      0.0267	      0.0195	      0.1665	      0.2462	      0.7735	      0.3744	      0.5251	     -0.0219	     -0.1209	      0.1025	      0.1860	      0.1527	      0.2836	     -0.1246	      0.6197	      0.2467	      0.2501	      0.0728	      0.3970	      0.4122
