      1.0000	      0.1904	      0.3146	      0.3188	      0.0798	      0.2723	      0.1374	      0.2360	      0.7030	      0.3300	      0.2378	      0.2949	      0.1467	      0.0525	      0.2699	      0.2836	      0.3277	      0.1549	      0.3280	      0.2901	      0.0684	      0.2265	      0.1554	      0.1013	      0.3274	      0.1930	      0.2565	      0.2809	      0.1716	      0.1033	      0.1060	      0.1575	      0.2567	      0.2264	      0.2601	      0.3463	      0.2323	      0.2508	      0.2110	      0.2285	      0.2814	     -0.0134	      0.2315	     -0.0470	      0.0551	      0.1150	      0.2844	      0.0929	      0.0616	      0.3165	      0.5737	      0.2109	      0.2267	      0.2659	      0.2546	      0.3056	      0.1650	      0.4704	      0.1382	      0.3639	      0.2297	      0.2749	      0.3278	      0.3058	      0.3804	      0.1010	      0.5434	      0.2069	      0.2560	      0.1503	      0.2025	      0.1721	      0.1730	      0.2504	      0.0462	      0.1729	      0.6012	     -0.0013	      0.1199	      0.0409	      0.1657	      0.2266	      0.4019	     -0.0019	     -0.1169	      0.1392	      0.0775	      0.1161	      0.0506	      0.1891	      0.1768	      0.1097	      0.4541	      0.3407	      0.2839	      0.0344	      0.2491	      0.3713	      0.5044	      0.1992	      0.1303	      0.2061	      0.2958	      0.0102	      0.3333
      0.1904	      1.0000	      0.2235	      0.3906	      0.0333	      0.2513	      0.6290	      0.1217	      0.1387	      0.4679	      0.0407	      0.2066	      0.2220	      0.0084	      0.1917	      0.2846	      0.1386	      0.1532	      0.2554	      0.1835	      0.0021	      0.1854	      0.3826	      0.0388	      0.0370	      0.3722	      0.0462	      0.0025	      0.6862	      0.1879	      0.4309	      0.3884	      0.0308	      0.1999	      0.0937	      0.0510	      0.6370	      0.4242	      0.6186	      0.1564	      0.2650	      0.4638	      0.3485	      0.0898	     -0.1628	      0.1021	      0.7141	      0.1315	      0.2091	      0.2489	      0.2212	      0.0284	      0.6139	      0.0579	      0.5019	      0.2881	      0.1824	      0.0414	      0.0960	      0.1061	      0.2112	      0.2236	      0.2263	      0.0392	      0.1979	      0.0001	      0.1537	      0.7276	     -0.0122	      0.4481	      0.6289	      0.0706	      0.2689	      0.3515	      0.0229	      0.4325	      0.3372	      0.0376	      0.0284	      0.1488	      0.0285	      0.0425	      0.1130	      0.0001	     -0.0531	      0.4794	      0.1047	      0.5233	      0.2829	      0.0934	      0.4876	      0.6857	      0.0023	      0.0905	      0.1854	      0.2611	     -0.0547	     -0.0231	      0.0521	      0.2899	      0.0665	      0.1938	      0.4255	      0.0475	      0.3099
      0.3146	      0.2235	      1.0000	      0.4349	      0.3358	      0.4358	      0.3989	      0.5585	      0.4106	      0.3686	      0.4464	      0.4139	      0.3179	      0.4097	      0.6300	      0.4557	      0.5341	      0.4131	      0.4935	      0.4728	      0.3019	      0.4698	      0.2512	      0.3270	      0.4638	      0.3117	      0.2900	      0.5463	      0.3630	      0.3585	      0.2399	      0.3712	      0.1775	      0.5442	      0.2987	      0.2783	      0.2708	      0.2813	      0.4148	      0.5458	      0.5964	      0.2244	      0.5769	      0.2130	     -0.0178	      0.4453	      0.3668	      0.1965	      0.3888	      0.4350	      0.3935	      0.4613	      0.3323	      0.2709	      0.3531	      0.4589	      0.2777	      0.4149	      0.4668	      0.4301	      0.5016	      0.3282	      0.5847	      0.5202	      0.5355	      0.3360	      0.2290	      0.3692	      0.4467	      0.2497	      0.2284	      0.2808	      0.5678	      0.4248	      0.0601	      0.3729	      0.3377	      0.3671	      0.2349	      0.3506	      0.4085	      0.1583	      0.1925	     -0.0639	     -0.2353	      0.3234	      0.4016	      0.2737	      0.3372	      0.4625	      0.4197	      0.1852	      0.2307	      0.3841	      0.5368	      0.3693	      0.6039	      0.4733	      0.3801	      0.3899	      0.1437	      0.4359	      0.4939	      0.1493	      0.6011
      0.3188	      0.3906	      0.4349	      1.0000	      0.3478	      0.3492	      0.4046	      0.5406	      0.2883	      0.4093	      0.4429	      0.3985	      0.6088	      0.2999	      0.3945	      0.5259	      0.3993	      0.3284	      0.4618	      0.7256	      0.2265	      0.3745	      0.3365	      0.2814	      0.2382	      0.4814	      0.1327	      0.4462	      0.4496	      0.4136	      0.4892	      0.4597	      0.0975	      0.4039	      0.2099	      0.1232	      0.3652	      0.3756	      0.4863	      0.4809	      0.5045	      0.2941	      0.4050	     -0.0057	     -0.0543	      0.2121	      0.6372	      0.1079	      0.3305	      0.3653	      0.2983	      0.1266	      0.5665	      0.2363	      0.6464	      0.4343	      0.4500	      0.2197	      0.2758	      0.1845	      0.3102	      0.3344	      0.4888	      0.4855	      0.3944	      0.1048	      0.2972	      0.5563	      0.1984	      0.5728	      0.3960	      0.2178	      0.3178	      0.4153	      0.1734	      0.4800	      0.3245	      0.2171	      0.2002	      0.0955	      0.2785	      0.0381	      0.1804	     -0.0095	     -0.0858	      0.2871	      0.2697	      0.4727	      0.2387	      0.3231	      0.4706	      0.3573	      0.1222	      0.2165	      0.4163	      0.4908	      0.3461	      0.2563	      0.2352	      0.5640	      0.1222	      0.3528	      0.4720	      0.1274	      0.4368
      0.0798	      0.0333	      0.3358	      0.3478	      1.0000	      0.3082	      0.2059	      0.4241	      0.1627	      0.2439	      0.2396	      0.3651	      0.1907	      0.4213	      0.3825	      0.3666	      0.3396	      0.3176	      0.2819	      0.4301	      0.4024	      0.3079	      0.2849	      0.3389	      0.3695	      0.1866	      0.2344	      0.3949	      0.3759	      0.3134	      0.2735	      0.3468	      0.1267	      0.2807	      0.2374	      0.0462	      0.0174	      0.1834	      0.1447	      0.5759	      0.4089	      0.3257	      0.2679	      0.1910	     -0.0678	      0.3356	      0.2240	      0.0329	      0.5281	      0.2723	      0.2635	      0.3776	      0.1998	      0.2310	      0.2482	      0.3347	      0.2924	      0.3447	      0.3340	      0.1366	      0.1858	      0.2670	      0.4859	      0.4234	      0.3180	      0.2871	      0.2312	      0.2509	      0.5133	      0.3451	      0.0272	      0.1643	      0.3219	      0.3860	      0.0481	      0.2816	      0.1337	      0.3442	      0.2098	      0.2331	      0.4117	      0.0350	      0.0891	      0.0848	     -0.1351	      0.3022	      0.3485	      0.2186	      0.2064	      0.3873	      0.2754	      0.1262	      0.0445	      0.1582	      0.2666	      0.5098	      0.2979	      0.3456	      0.1059	      0.4389	      0.0999	      0.2952	      0.4883	      0.0689	      0.3178
      0.2723	      0.2513	      0.4358	      0.3492	      0.3082	      1.0000	      0.4419	      0.5257	      0.3987	      0.3483	      0.2799	      0.5372	      0.1351	      0.2678	      0.5205	      0.2863	      0.4614	      0.3802	      0.4657	      0.3190	      0.2042	      0.3645	      0.3079	      0.2088	      0.4298	      0.2656	      0.2771	      0.3763	      0.3726	      0.2873	      0.2859	      0.3754	      0.1410	      0.4823	      0.2329	      0.1878	      0.3521	      0.4847	      0.3802	      0.5009	      0.6080	      0.2110	      0.3475	      0.3423	     -0.0657	      0.3555	      0.3995	      0.3158	      0.3637	      0.6531	      0.2276	      0.3359	      0.3795	      0.2430	      0.4289	      0.6726	      0.2033	      0.4208	      0.4344	      0.2783	      0.4003	      0.3050	      0.6283	      0.4297	      0.4102	      0.1620	      0.3144	      0.3998	      0.4058	      0.2920	      0.2459	      0.1859	      0.5200	      0.3811	      0.1978	      0.3633	      0.3060	      0.2427	      0.3453	      0.4864	      0.3785	      0.2564	      0.2061	     -0.0045	     -0.0327	      0.3539	      0.3438	      0.2572	      0.2971	      0.5351	      0.4187	      0.3303	      0.1190	      0.3318	      0.5858	      0.3093	      0.4238	      0.4403	      0.2384	      0.4801	      0.1133	      0.1916	      0.4862	      0.0545	      0.5355
      0.1374	      0.6290	      0.3989	      0.4046	      0.2059	      0.4419	      1.0000	      0.4293	      0.1684	      0.2977	      0.2205	      0.3676	      0.2305	      0.2644	      0.3470	      0.4088	      0.3223	      0.3848	      0.3588	      0.3647	      0.1677	      0.3375	      0.5470	      0.1723	      0.2420	      0.2966	      0.1171	      0.2364	      0.6299	      0.2669	      0.3209	      0.5268	      0.0984	      0.3701	      0.1742	      0.0783	      0.5854	      0.6499	      0.7471	      0.3126	      0.4975	      0.4707	      0.4962	      0.1417	     -0.1729	      0.2331	      0.6044	      0.1712	      0.3915	      0.3885	      0.1446	      0.3285	      0.5707	      0.1722	      0.4808	      0.4350	      0.1389	      0.2062	      0.1931	      0.2195	      0.2801	      0.2103	      0.4172	      0.2694	      0.2831	      0.0987	      0.2160	      0.7014	      0.2000	      0.3657	      0.6545	      0.1190	      0.3767	      0.4654	      0.0567	      0.6125	      0.2037	      0.3078	      0.2234	      0.2098	      0.3697	      0.1203	      0.1271	     -0.0292	     -0.0065	      0.4239	      0.3956	      0.5399	      0.5495	      0.2789	      0.7062	      0.5123	      0.0906	      0.1230	      0.4323	      0.3887	      0.2381	      0.1168	      0.1115	      0.3796	      0.0924	      0.3645	      0.4128	      0.0572	      0.3648
      0.2360	      0.1217	      0.5585	      0.5406	      0.4241	      0.5257	      0.4293	      1.0000	      0.3881	      0.2541	      0.5979	      0.4163	      0.3432	      0.4912	      0.6677	      0.4922	      0.6927	      0.4844	      0.4684	      0.6715	      0.3511	      0.5652	      0.3122	      0.3902	      0.5411	      0.1816	      0.3540	      0.7640	      0.3724	      0.4215	      0.1805	      0.5218	      0.1851	      0.5679	      0.2906	      0.2702	      0.1516	      0.4748	      0.4177	      0.5980	      0.7223	      0.1567	      0.5144	      0.2509	      0.0138	      0.3783	      0.2917	      0.2385	      0.4035	      0.6188	      0.2557	      0.4608	      0.3022	      0.3266	      0.3622	      0.5746	      0.3018	      0.4083	      0.5200	      0.4049	      0.4388	      0.2588	      0.7336	      0.7498	      0.5138	      0.1217	      0.3150	      0.3337	      0.4797	      0.3133	      0.3245	      0.1235	      0.4746	      0.5191	      0.1823	      0.4742	      0.2502	      0.4103	      0.3577	      0.3880	      0.5519	      0.1554	      0.1976	     -0.0071	     -0.1016	      0.2297	      0.5812	      0.3772	      0.3133	      0.5166	      0.5617	      0.0968	      0.2133	      0.3963	      0.6720	      0.4270	      0.7266	      0.5271	      0.2684	      0.5950	      0.0710	      0.3943	      0.4405	      0.0516	      0.5689
      0.7030	      0.1387	      0.4106	      0.2883	      0.1627	      0.3987	      0.1684	      0.3881	      1.0000	      0.3288	      0.2931	      0.3560	      0.1634	      0.2944	      0.4582	      0.2195	      0.4961	      0.3619	      0.3606	      0.3524	      0.2192	      0.3532	      0.1211	      0.1958	      0.4639	      0.1644	      0.3163	      0.4333	      0.1812	      0.2494	      0.1173	      0.1585	      0.3554	      0.2729	      0.3556	      0.2793	      0.1902	      0.2444	      0.2610	      0.3991	      0.4162	      0.0115	      0.3305	      0.1032	      0.0609	      0.2980	      0.2615	      0.1779	      0.1744	      0.4432	      0.5588	      0.4476	      0.2741	      0.2166	      0.2690	      0.3651	      0.2215	      0.5916	      0.3815	      0.5389	      0.2597	      0.2791	      0.4625	      0.4159	      0.4487	      0.2040	      0.3940	      0.2048	      0.4297	      0.2175	      0.1252	      0.1697	      0.2998	      0.2461	      0.0711	      0.0986	      0.6407	      0.2258	      0.2051	      0.2044	      0.3337	      0.1992	      0.3828	      0.0463	     -0.0958	      0.1271	      0.2301	      0.1330	      0.1236	      0.4030	      0.2101	      0.1036	      0.2941	      0.3443	      0.3624	      0.0999	      0.3642	      0.5564	      0.4036	      0.3300	      0.1373	      0.2733	      0.3646	     -0.0014	      0.3932
      0.3300	      0.4679	      0.3686	      0.4093	      0.2439	      0.3483	      0.2977	      0.2541	      0.3288	      1.0000	      0.2485	      0.2970	      0.2685	      0.1373	      0.3789	      0.2988	      0.2679	      0.2955	      0.4278	      0.2631	      0.0261	      0.3762	      0.3415	      0.1038	      0.2981	      0.4178	      0.3919	      0.2352	      0.4161	      0.2835	      0.5568	      0.2111	      0.1137	      0.2662	      0.2820	      0.4589	      0.4778	      0.2509	      0.3145	      0.4116	      0.3861	      0.4088	      0.3242	      0.1398	      0.0125	      0.2234	      0.4502	      0.1891	      0.3820	      0.2867	      0.4932	      0.1759	      0.4150	      0.2764	      0.5646	      0.3450	      0.2672	      0.4100	      0.2581	      0.1885	      0.3766	      0.5462	      0.3796	      0.2298	      0.3928	      0.1310	      0.2812	      0.4198	      0.3085	      0.3196	      0.2044	      0.2565	      0.3611	      0.5972	      0.0017	      0.2608	      0.3898	      0.2665	      0.1441	      0.2534	      0.2096	      0.0678	      0.1655	      0.0050	     -0.0019	      0.5301	      0.1037	      0.2314	      0.2007	      0.2165	      0.2537	      0.5514	      0.1908	      0.5513	      0.2841	      0.4022	      0.2000	      0.2561	      0.2794	      0.3900	      0.1936	      0.1716	      0.6050	      0.1176	      0.4140
      0.2378	      0.0407	      0.4464	      0.4429	      0.2396	      0.2799	      0.2205	      0.5979	      0.2931	      0.2485	      1.0000	      0.2638	      0.2788	      0.2747	      0.5093	      0.3382	      0.5931	      0.4816	      0.3108	      0.5022	      0.2372	      0.4830	      0.0872	      0.2821	      0.4212	      0.0400	      0.2841	      0.4990	      0.2248	      0.3285	      0.0606	      0.3147	      0.1790	      0.4843	      0.2216	      0.3160	      0.0685	      0.2814	      0.3094	      0.3423	      0.4244	     -0.0112	      0.3863	      0.1548	      0.0356	      0.2842	      0.2100	      0.0817	      0.1649	      0.3420	      0.2631	      0.2088	      0.0608	      0.2616	      0.2150	      0.3583	      0.4019	      0.2914	      0.4032	      0.4541	      0.4435	      0.2568	      0.4038	      0.5155	      0.4498	      0.0225	      0.2295	      0.1045	      0.3307	      0.1918	      0.2865	      0.1137	      0.2993	      0.3501	      0.0841	      0.3426	      0.3185	      0.3405	      0.1143	      0.1727	      0.3649	     -0.0243	      0.1878	     -0.0651	     -0.0828	      0.1065	      0.5263	      0.3531	      0.1155	      0.3105	      0.2863	     -0.0830	      0.1574	      0.2982	      0.4383	      0.3466	      0.6086	      0.4299	      0.2938	      0.3519	      0.1161	      0.4019	      0.3233	      0.0853	      0.4749
      0.2949	      0.2066	      0.4139	      0.3985	      0.3651	      0.5372	      0.3676	      0.4163	      0.3560	      0.2970	      0.2638	      1.0000	      0.3025	      0.3401	      0.4145	      0.3388	      0.4766	      0.3297	      0.4500	      0.3826	      0.3093	      0.3776	      0.2920	      0.3299	      0.3599	      0.3054	      0.2646	      0.3563	      0.3787	      0.3267	      0.3237	      0.3284	      0.1989	      0.4233	      0.1927	      0.1209	      0.2413	      0.2895	      0.3400	      0.4974	      0.4873	      0.1974	      0.2995	      0.1330	     -0.0823	      0.4664	      0.3466	      0.2439	      0.3906	      0.4722	      0.2871	      0.2574	      0.3505	      0.2226	      0.3752	      0.6439	      0.2997	      0.3513	      0.3237	      0.2278	      0.2943	      0.3178	      0.5522	      0.4603	      0.4010	      0.3021	      0.3407	      0.3350	      0.3835	      0.3812	      0.1780	      0.1967	      0.3693	      0.3088	      0.0795	      0.2960	      0.3051	      0.2526	      0.2901	      0.2205	      0.3446	      0.1413	      0.1368	      0.1066	     -0.1144	      0.2620	      0.3330	      0.2785	      0.1981	      0.4221	      0.3591	      0.2419	      0.1199	      0.2541	      0.4895	      0.3953	      0.3525	      0.4983	      0.2910	      0.5005	      0.1047	      0.3246	      0.5087	      0.1080	      0.4291
      0.1467	      0.2220	      0.3179	      0.6088	      0.1907	      0.1351	      0.2305	      0.3432	      0.1634	      0.2685	      0.2788	      0.3025	      1.0000	      0.1591	      0.3271	      0.3924	      0.2693	      0.1423	      0.3293	      0.4982	      0.0927	      0.2313	      0.1869	      0.1802	      0.0493	      0.3761	      0.0977	      0.2992	      0.2233	      0.1998	      0.2553	      0.2705	      0.0704	      0.2193	      0.0784	      0.1018	      0.2504	      0.2040	      0.2705	      0.2682	      0.2970	      0.1181	      0.2158	     -0.0409	      0.1053	      0.1746	      0.3727	      0.1639	      0.1087	      0.2310	      0.1050	      0.0568	      0.2845	      0.1620	      0.3367	      0.2609	      0.2845	      0.0895	      0.1530	      0.0765	      0.2046	      0.1411	      0.3776	      0.3226	      0.2064	      0.1222	      0.1735	      0.3144	      0.0622	      0.3479	      0.2460	      0.1795	      0.2381	      0.2729	      0.1505	      0.2604	      0.1383	      0.1025	      0.2008	      0.0422	      0.1499	      0.0577	      0.0718	      0.0838	     -0.1016	      0.1334	      0.1166	      0.2879	      0.1194	      0.1277	      0.2606	      0.1750	      0.0438	      0.1676	      0.3351	      0.2459	      0.3021	      0.1584	      0.1825	      0.2588	      0.0811	      0.2742	      0.2495	      0.1993	      0.2474
      0.0525	      0.0084	      0.4097	      0.2999	      0.4213	      0.2678	      0.2644	      0.4912	      0.2944	      0.1373	      0.2747	      0.3401	      0.1591	      1.0000	      0.3855	      0.2715	      0.4055	      0.6154	      0.3043	      0.4152	      0.6312	      0.3410	      0.3537	      0.4121	      0.5024	      0.1788	      0.2941	      0.4027	      0.2593	      0.6719	      0.2441	      0.3603	      0.2573	      0.3512	      0.2548	      0.0960	     -0.0139	      0.2147	      0.3585	      0.5228	      0.4325	      0.3437	      0.4015	      0.2041	     -0.0050	      0.4283	      0.1782	      0.0499	      0.5733	      0.2359	      0.3433	      0.5347	      0.2965	      0.2109	      0.2536	      0.3279	      0.2164	      0.4654	      0.4497	      0.1613	      0.2264	      0.2124	      0.3765	      0.4845	      0.2655	      0.2259	      0.1417	      0.3263	      0.5359	      0.2510	      0.1346	      0.1112	      0.3002	      0.2646	     -0.0575	      0.2552	      0.1144	      0.7576	      0.1324	      0.2758	      0.6683	      0.0076	      0.1060	      0.0477	     -0.0788	      0.2084	      0.5657	      0.2555	      0.5104	      0.5341	      0.3861	      0.0763	      0.0530	      0.1407	      0.3106	      0.5339	      0.3179	      0.4177	      0.0593	      0.4990	      0.0329	      0.2507	      0.2562	     -0.0120	      0.2782
      0.2699	      0.1917	      0.6300	      0.3945	      0.3825	      0.5205	      0.3470	      0.6677	      0.4582	      0.3789	      0.5093	      0.4145	      0.3271	      0.3855	      1.0000	      0.4127	      0.6989	      0.4383	      0.4529	      0.4541	      0.3011	      0.6020	      0.2538	      0.3013	      0.4415	      0.2245	      0.3382	      0.5786	      0.3309	      0.3944	      0.2303	      0.3110	      0.1351	      0.5049	      0.2684	      0.2776	      0.2341	      0.3095	      0.3518	      0.5606	      0.6213	      0.2120	      0.4453	      0.4749	      0.0060	      0.4136	      0.2958	      0.3331	      0.3534	      0.6071	      0.2947	      0.4245	      0.2731	      0.2754	      0.3656	      0.5452	      0.3055	      0.3809	      0.5439	      0.4509	      0.6113	      0.3246	      0.7033	      0.5864	      0.5965	      0.1767	      0.2612	      0.3344	      0.3990	      0.2943	      0.2129	      0.1911	      0.7277	      0.4651	      0.0856	      0.3103	      0.3871	      0.3751	      0.3411	      0.5924	      0.3810	      0.1682	      0.1829	      0.0470	     -0.1677	      0.2762	      0.4258	      0.2400	      0.2658	      0.4795	      0.3709	      0.1749	      0.1594	      0.4438	      0.6100	      0.3698	      0.6916	      0.5050	      0.3207	      0.4792	      0.1624	      0.4042	      0.4755	      0.0945	      0.7345
      0.2836	      0.2846	      0.4557	      0.5259	      0.3666	      0.2863	      0.4088	      0.4922	      0.2195	      0.2988	      0.3382	      0.3388	      0.3924	      0.2715	      0.4127	      1.0000	      0.3758	      0.2653	      0.2989	      0.5355	      0.3132	      0.4025	      0.4890	      0.2355	      0.2478	      0.1708	      0.2117	      0.4524	      0.4945	      0.2288	      0.2749	      0.4379	      0.1163	      0.3455	      0.1977	      0.1784	      0.2298	      0.2861	      0.3580	      0.4224	      0.4752	      0.2708	      0.4022	      0.0956	     -0.0100	      0.2414	      0.4031	     -0.0006	      0.3405	      0.2635	      0.2539	      0.2147	      0.2765	      0.2818	      0.2966	      0.3131	      0.2868	      0.2245	      0.2959	      0.1978	      0.3356	      0.1614	      0.5204	      0.4756	      0.3751	      0.1958	      0.3922	      0.4237	      0.3422	      0.3583	      0.3712	      0.2130	      0.3623	      0.6102	     -0.0116	      0.5070	      0.2430	      0.1963	      0.1609	      0.1925	      0.3794	      0.0046	      0.1155	     -0.0325	     -0.1719	      0.2600	      0.3402	      0.3994	      0.2744	      0.2346	      0.4434	      0.2176	      0.1416	      0.1575	      0.3898	      0.4296	      0.4106	      0.2551	      0.1665	      0.3948	      0.1602	      0.4255	      0.4439	      0.1736	      0.4410
      0.3277	      0.1386	      0.5341	      0.3993	      0.3396	      0.4614	      0.3223	      0.6927	      0.4961	      0.2679	      0.5931	      0.4766	      0.2693	      0.4055	      0.6989	      0.3758	      1.0000	      0.5378	      0.3721	      0.5105	      0.3102	      0.5488	      0.1928	      0.3506	      0.5339	      0.1019	      0.3922	      0.5760	      0.3707	      0.3786	      0.1417	      0.3117	      0.1805	      0.5012	      0.2957	      0.2576	      0.1238	      0.3894	      0.3300	      0.5742	      0.5983	      0.0618	      0.3812	      0.2094	     -0.0144	      0.3826	      0.2364	      0.1936	      0.2354	      0.5407	      0.3777	      0.4322	      0.1845	      0.2371	      0.2637	      0.5069	      0.3419	      0.4603	      0.5195	      0.6519	      0.4000	      0.3052	      0.6445	      0.5887	      0.5605	      0.1625	      0.2942	      0.1875	      0.4914	      0.2588	      0.2534	      0.1349	      0.3956	      0.4225	      0.0860	      0.2654	      0.4807	      0.3667	      0.2927	      0.2866	      0.4789	      0.1291	      0.2065	      0.0454	     -0.1319	      0.1745	      0.6055	      0.3302	      0.1904	      0.5094	      0.3499	      0.0080	      0.1995	      0.3950	      0.6230	      0.3201	      0.6649	      0.6197	      0.3894	      0.4525	      0.1410	      0.4028	      0.4580	      0.0950	      0.5968
      0.1549	      0.1532	      0.4131	      0.3284	      0.3176	      0.3802	      0.3848	      0.4844	      0.3619	      0.2955	      0.4816	      0.3297	      0.1423	      0.6154	      0.4383	      0.2653	      0.5378	      1.0000	      0.3256	      0.4008	      0.4135	      0.4124	      0.2860	      0.4340	      0.5677	      0.1829	      0.3357	      0.4172	      0.3166	      0.6108	      0.2909	      0.3256	      0.1590	      0.4091	      0.3164	      0.1721	      0.1675	      0.3678	      0.4862	      0.4770	      0.4635	      0.3161	      0.4451	      0.2966	     -0.0055	      0.4130	      0.2918	      0.0864	      0.4624	      0.2693	      0.4311	      0.3894	      0.3576	      0.2484	      0.3496	      0.3070	      0.3636	      0.4969	      0.5129	      0.4123	      0.2854	      0.2978	      0.4057	      0.4059	      0.3908	      0.2577	      0.2125	      0.3319	      0.5151	      0.2909	      0.2562	      0.1077	      0.3468	      0.3262	     -0.0963	      0.2722	      0.2924	      0.7560	      0.1456	      0.3296	      0.6000	      0.0164	      0.1021	      0.0851	     -0.0607	      0.3157	      0.6425	      0.3703	      0.3880	      0.5645	      0.4181	      0.1649	      0.0376	      0.2009	      0.4124	      0.4884	      0.3476	      0.4606	      0.1061	      0.4203	      0.1882	      0.3160	      0.3820	      0.0641	      0.4268
      0.3280	      0.2554	      0.4935	      0.4618	      0.2819	      0.4657	      0.3588	      0.4684	      0.3606	      0.4278	      0.3108	      0.4500	      0.3293	      0.3043	      0.4529	      0.2989	      0.3721	      0.3256	      1.0000	      0.3710	      0.1332	      0.3963	      0.2445	      0.1873	      0.3816	      0.3577	      0.2357	      0.3774	      0.3082	      0.3173	      0.2874	      0.2729	      0.1795	      0.3772	      0.3705	      0.2283	      0.3557	      0.3528	      0.3535	      0.4823	      0.5451	      0.2184	      0.3555	      0.1469	     -0.0062	      0.3249	      0.3848	      0.2477	      0.3373	      0.4948	      0.2831	      0.3339	      0.3660	      0.2253	      0.4534	      0.5182	      0.2330	      0.3856	      0.3131	      0.2568	      0.4121	      0.4287	      0.5013	      0.3759	      0.3745	      0.2424	      0.2550	      0.3890	      0.3118	      0.2938	      0.2290	      0.2390	      0.3632	      0.3507	      0.3054	      0.3197	      0.3120	      0.2955	      0.3293	      0.2704	      0.3244	      0.2303	      0.1876	     -0.0366	     -0.0243	      0.3005	      0.2517	      0.1309	      0.3062	      0.3651	      0.4051	      0.2767	      0.2142	      0.4479	      0.4355	      0.2594	      0.4045	      0.3521	      0.3397	      0.4265	      0.1105	      0.1839	      0.4231	      0.1119	      0.4634
      0.2901	      0.1835	      0.4728	      0.7256	      0.4301	      0.3190	      0.3647	      0.6715	      0.3524	      0.2631	      0.5022	      0.3826	      0.4982	      0.4152	      0.4541	      0.5355	      0.5105	      0.4008	      0.3710	      1.0000	      0.3284	      0.4949	      0.2871	      0.4199	      0.3741	      0.2947	      0.2250	      0.6993	      0.4260	      0.3428	      0.2775	      0.5075	      0.1451	      0.3994	      0.3273	      0.1844	      0.1849	      0.3456	      0.4124	      0.5414	      0.5591	      0.1932	      0.4971	      0.0330	     -0.0639	      0.2786	      0.4443	      0.0336	      0.3911	      0.3503	      0.3429	      0.3094	      0.3662	      0.3011	      0.3819	      0.3974	      0.3928	      0.3061	      0.3827	      0.2909	      0.3259	      0.2742	      0.5613	      0.6329	      0.4738	      0.2340	      0.3337	      0.4053	      0.3501	      0.4037	      0.3853	      0.2082	      0.3452	      0.4188	      0.0591	      0.4923	      0.2687	      0.3018	      0.2456	      0.1432	      0.4035	      0.0515	      0.2098	      0.0834	     -0.1730	      0.1899	      0.4193	      0.4279	      0.2398	      0.3876	      0.4902	      0.1073	      0.1607	      0.2469	      0.4669	      0.4558	      0.5322	      0.3705	      0.2130	      0.5393	      0.1252	      0.5175	      0.4487	      0.0381	      0.4358
      0.0684	      0.0021	      0.3019	      0.2265	      0.4024	      0.2042	      0.1677	      0.3511	      0.2192	      0.0261	      0.2372	      0.3093	      0.0927	      0.6312	      0.3011	      0.3132	      0.3102	      0.4135	      0.1332	      0.3284	      1.0000	      0.2566	      0.2309	      0.4666	      0.3924	      0.0749	      0.3492	      0.3151	      0.2165	      0.6273	      0.1899	      0.2721	      0.1500	      0.2403	      0.1816	     -0.0056	     -0.0875	     -0.0184	      0.3230	      0.3820	      0.2853	      0.2137	      0.2705	      0.2655	     -0.0253	      0.4634	      0.1591	     -0.0522	      0.4711	      0.1118	      0.2980	      0.2503	      0.2661	      0.2277	      0.1724	      0.1621	      0.3893	      0.2343	      0.3606	      0.0666	      0.0945	      0.0776	      0.2830	      0.4622	      0.2594	      0.3014	      0.2160	      0.2345	      0.4256	      0.2906	      0.1010	      0.0711	      0.2743	      0.2502	     -0.1970	      0.0948	      0.1041	      0.4062	      0.0494	      0.2443	      0.4264	     -0.1364	      0.0968	      0.1604	     -0.1362	      0.1010	      0.4794	      0.3097	      0.1723	      0.4116	      0.2295	      0.0135	     -0.0013	     -0.0515	      0.2623	      0.5587	      0.2541	      0.4009	      0.0232	      0.4147	      0.0377	      0.4389	      0.2227	      0.0367	      0.2261
      0.2265	      0.1854	      0.4698	      0.3745	      0.3079	      0.3645	      0.3375	      0.5652	      0.3532	      0.3762	      0.4830	      0.3776	      0.2313	      0.3410	      0.6020	      0.4025	      0.5488	      0.4124	      0.3963	      0.4949	      0.2566	      1.0000	      0.2937	      0.3385	      0.3974	      0.2412	      0.2600	      0.5136	      0.3403	      0.3797	      0.2155	      0.2832	      0.1921	      0.4232	      0.2821	      0.2893	      0.2275	      0.2450	      0.3541	      0.4898	      0.5107	      0.2194	      0.4785	      0.3039	     -0.0703	      0.3565	      0.3500	      0.3258	      0.3865	      0.4426	      0.3221	      0.3817	      0.3058	      0.2153	      0.3749	      0.4408	      0.3270	      0.3397	      0.3822	      0.3654	      0.4915	      0.3971	      0.5592	      0.5166	      0.6051	      0.1319	      0.2383	      0.3412	      0.3907	      0.3238	      0.2633	      0.2155	      0.4990	      0.4240	      0.0319	      0.3319	      0.3240	      0.3604	      0.2964	      0.3493	      0.3808	      0.0190	      0.1590	      0.1327	     -0.1110	      0.3030	      0.3534	      0.2466	      0.2374	      0.3794	      0.3476	      0.1868	      0.1991	      0.4136	      0.4787	      0.4040	      0.5785	      0.4228	      0.3495	      0.4771	      0.2455	      0.4362	      0.4723	      0.0423	      0.6000
      0.1554	      0.3826	      0.2512	      0.3365	      0.2849	      0.3079	      0.5470	      0.3122	      0.1211	      0.3415	      0.0872	      0.2920	      0.1869	      0.3537	      0.2538	      0.4890	      0.1928	      0.2860	      0.2445	      0.2871	      0.2309	      0.2937	      1.0000	      0.1943	      0.1918	      0.3480	      0.0943	      0.1472	      0.4733	      0.3569	      0.5457	      0.3592	      0.0410	      0.2650	      0.0958	      0.0824	      0.3830	      0.3473	      0.4277	      0.3676	      0.3521	      0.5858	      0.3079	      0.1524	     -0.1626	      0.1691	      0.4496	      0.1835	      0.4835	      0.2650	      0.2159	      0.2466	      0.4456	      0.1908	      0.4822	      0.3293	      0.1053	      0.3031	      0.1789	      0.0330	      0.2212	      0.1991	      0.3661	      0.1835	      0.2249	      0.0409	      0.2628	      0.5690	      0.2963	      0.4298	      0.3396	      0.1739	      0.3061	      0.5535	     -0.0506	      0.4203	      0.1937	      0.3522	      0.1219	      0.2080	      0.4561	      0.0107	      0.0956	      0.0318	     -0.1016	      0.4297	      0.2842	      0.3199	      0.4935	      0.2640	      0.4319	      0.5526	      0.1173	      0.1263	      0.2263	      0.4510	      0.1220	      0.1101	      0.0238	      0.3929	      0.1078	      0.1594	      0.3810	      0.1603	      0.2853
      0.1013	      0.0388	      0.3270	      0.2814	      0.3389	      0.2088	      0.1723	      0.3902	      0.1958	      0.1038	      0.2821	      0.3299	      0.1802	      0.4121	      0.3013	      0.2355	      0.3506	      0.4340	      0.1873	      0.4199	      0.4666	      0.3385	      0.1943	      1.0000	      0.3120	      0.2005	      0.2525	      0.3689	      0.1928	      0.4486	      0.2513	      0.2152	      0.0252	      0.3972	      0.2591	      0.0310	      0.0304	      0.0472	      0.2308	      0.3299	      0.3064	      0.1771	      0.4024	      0.2566	     -0.0888	      0.4521	      0.2182	      0.0484	      0.3367	      0.1397	      0.2691	      0.1098	      0.3211	      0.2062	      0.2325	      0.2149	      0.4770	      0.1977	      0.2959	      0.1026	      0.0971	      0.1408	      0.3186	      0.4328	      0.3577	      0.3478	      0.2387	      0.2024	      0.3092	      0.3616	      0.0712	      0.0108	      0.2981	      0.2582	     -0.1088	      0.1009	      0.0916	      0.2933	      0.0673	      0.2341	      0.3242	     -0.0671	      0.1050	      0.2259	     -0.1700	      0.2311	      0.3742	      0.2828	      0.0194	      0.3561	      0.1956	      0.1103	      0.0003	      0.0639	      0.3504	      0.4485	      0.2908	      0.4000	      0.0384	      0.3198	      0.1134	      0.4136	      0.2987	     -0.0017	      0.2917
      0.3274	      0.0370	      0.4638	      0.2382	      0.3695	      0.4298	      0.2420	      0.5411	      0.4639	      0.2981	      0.4212	      0.3599	      0.0493	      0.5024	      0.4415	      0.2478	      0.5339	      0.5677	      0.3816	      0.3741	      0.3924	      0.3974	      0.1918	      0.3120	      1.0000	      0.1371	      0.4480	      0.4838	      0.2871	      0.3797	      0.1332	      0.3072	      0.1903	      0.3806	      0.3420	      0.3412	      0.0856	      0.3310	      0.3019	      0.5161	      0.5069	      0.1367	      0.3813	      0.2021	      0.0614	      0.4221	      0.1569	      0.1129	      0.4503	      0.4310	      0.5262	      0.5208	      0.1954	      0.3496	      0.2373	      0.3708	      0.2425	      0.5994	      0.4747	      0.4523	      0.2377	      0.3415	      0.5050	      0.5400	      0.4145	      0.2656	      0.2913	      0.1951	      0.6839	      0.1330	      0.1424	      0.1412	      0.3254	      0.3736	      0.0145	      0.2755	      0.3886	      0.5063	      0.2557	      0.2698	      0.5569	      0.0933	      0.2061	      0.0431	     -0.0862	      0.2844	      0.5097	      0.2354	      0.3028	      0.5680	      0.3528	      0.0428	      0.2917	      0.3960	      0.4629	      0.3912	      0.4563	      0.6643	      0.4077	      0.4601	      0.0826	      0.3284	      0.4852	      0.0335	      0.3906
      0.1930	      0.3722	      0.3117	      0.4814	      0.1866	      0.2656	      0.2966	      0.1816	      0.1644	      0.4178	      0.0400	      0.3054	      0.3761	      0.1788	      0.2245	      0.1708	      0.1019	      0.1829	      0.3577	      0.2947	      0.0749	      0.2412	      0.3480	      0.2005	      0.1371	      1.0000	     -0.0063	      0.1344	      0.1985	      0.3311	      0.5329	      0.1668	     -0.0228	      0.2071	      0.1213	      0.1170	      0.4222	      0.1872	      0.3733	      0.3133	      0.3179	      0.4114	      0.2555	      0.0278	     -0.0485	      0.2350	      0.4642	      0.2937	      0.3490	      0.2207	      0.2186	      0.0939	      0.5561	      0.0601	      0.6602	      0.2884	      0.2034	      0.1807	      0.1080	      0.0232	      0.2564	      0.3471	      0.2875	      0.1877	      0.2448	      0.1799	      0.1279	      0.4763	      0.0710	      0.4204	      0.1566	      0.1871	      0.3269	      0.1973	      0.0890	      0.1705	      0.2659	      0.1997	      0.1577	      0.1162	      0.0760	      0.1176	      0.0319	      0.1640	     -0.0724	      0.3425	     -0.0411	      0.1416	      0.2475	      0.1688	      0.2679	      0.5263	      0.0304	      0.2304	      0.2530	      0.3224	      0.1277	      0.1177	      0.1213	      0.4002	      0.1445	      0.1392	      0.3373	      0.1147	      0.2704
      0.2565	      0.0462	      0.2900	      0.1327	      0.2344	      0.2771	      0.1171	      0.3540	      0.3163	      0.3919	      0.2841	      0.2646	      0.0977	      0.2941	      0.3382	      0.2117	      0.3922	      0.3357	      0.2357	      0.2250	      0.3492	      0.2600	      0.0943	      0.2525	      0.4480	     -0.0063	      1.0000	      0.3351	      0.2273	      0.3031	      0.0463	      0.1469	      0.1877	      0.3218	      0.2707	      0.5173	      0.0615	      0.1055	      0.1397	      0.3597	      0.3040	      0.1068	      0.2398	      0.2060	      0.2117	      0.3448	      0.0917	      0.0327	      0.2506	      0.1833	      0.4750	      0.2275	      0.1049	      0.3861	      0.1453	      0.2457	      0.2093	      0.4521	      0.3671	      0.2039	      0.2338	      0.2423	      0.3139	      0.3668	      0.3079	      0.1779	      0.3523	      0.0972	      0.4287	      0.1191	      0.1147	      0.1637	      0.2084	      0.4405	     -0.0910	      0.0927	      0.2443	      0.2256	      0.1528	      0.2184	      0.3110	     -0.0543	      0.1329	      0.0420	     -0.0566	      0.1357	      0.3585	      0.1712	      0.0707	      0.3468	      0.1431	      0.0225	      0.2113	      0.3826	      0.3053	      0.2631	      0.3375	      0.4442	      0.2606	      0.2630	      0.0892	      0.2848	      0.2740	      0.0012	      0.2925
      0.2809	      0.0025	      0.5463	      0.4462	      0.3949	      0.3763	      0.2364	      0.7640	      0.4333	      0.2352	      0.4990	      0.3563	      0.2992	      0.4027	      0.5786	      0.4524	      0.5760	      0.4172	      0.3774	      0.6993	      0.3151	      0.5136	      0.1472	      0.3689	      0.4838	      0.1344	      0.3351	      1.0000	      0.2719	      0.3070	      0.0736	      0.4155	      0.1692	      0.4672	      0.3383	      0.2850	      0.0699	      0.2962	      0.2937	      0.5726	      0.6320	      0.0301	      0.4925	      0.1791	     -0.0237	      0.3325	      0.2059	      0.1271	      0.3511	      0.4576	      0.3192	      0.4551	      0.2259	      0.3208	      0.2276	      0.4344	      0.2636	      0.4040	      0.4674	      0.4343	      0.3969	      0.2575	      0.6638	      0.7229	      0.5445	      0.2409	      0.2931	      0.2063	      0.4824	      0.1977	      0.1929	      0.1913	      0.4429	      0.4149	      0.0856	      0.3696	      0.2834	      0.3505	      0.3214	      0.3355	      0.4369	      0.1853	      0.2310	      0.0527	     -0.1596	      0.1353	      0.4412	      0.2463	      0.2004	      0.4430	      0.4220	     -0.0254	      0.2409	      0.3817	      0.5173	      0.3047	      0.6858	      0.5081	      0.2753	      0.4729	      0.1070	      0.4650	      0.4226	      0.0081	      0.5004
      0.1716	      0.6862	      0.3630	      0.4496	      0.3759	      0.3726	      0.6299	      0.3724	      0.1812	      0.4161	      0.2248	      0.3787	      0.2233	      0.2593	      0.3309	      0.4945	      0.3707	      0.3166	      0.3082	      0.4260	      0.2165	      0.3403	      0.4733	      0.1928	      0.2871	      0.1985	      0.2273	      0.2719	      1.0000	      0.2238	      0.3757	      0.6043	      0.1294	      0.3278	      0.1843	      0.1375	      0.4053	      0.4754	      0.5082	      0.4115	      0.4456	      0.4636	      0.4227	      0.1549	     -0.1387	      0.2237	      0.6088	     -0.0151	      0.4797	      0.3246	      0.2890	      0.3060	      0.4377	      0.2377	      0.3863	      0.3916	      0.2485	      0.2656	      0.2819	      0.2100	      0.2366	      0.2721	      0.4296	      0.2956	      0.3326	      0.0921	      0.2938	      0.6552	      0.3482	      0.4461	      0.5631	      0.1038	      0.3584	      0.5329	     -0.0154	      0.6533	      0.2861	      0.2365	      0.1018	      0.2171	      0.3468	      0.0267	      0.1717	     -0.0221	     -0.0758	      0.5045	      0.3918	      0.6185	      0.4015	      0.3381	      0.5773	      0.4745	      0.1181	      0.1674	      0.2890	      0.5019	      0.1756	      0.1874	      0.1682	      0.4786	      0.0290	      0.3380	      0.6263	      0.0732	      0.4383
